-20			-71.8018912401471	1
-19.9000000000000	-69.1704501357767	1
-19.8000000000000	-67.8981468562558	1
-19.7000000000000	-83.0900105845223	1
-19.6000000000000	-71.0846729292027	1
-19.5000000000000	-93.8421298447378	1
-19.4000000000000	-78.6221127121195	1
-19.3000000000000	-67.1792238956974	1
-19.2000000000000	-80.2550630588366	1
-19.1000000000000	-67.3597104473506	1
-19			-104.770714366452	1
-18.9000000000000	-81.6454296543328	1
-18.8000000000000	-67.1796209703493	1
-18.7000000000000	-62.0065404617133	1
-18.6000000000000	-103.483708331474	1
-18.5000000000000	-71.9970766685706	1
-18.4000000000000	-82.9688762261448	1
-18.3000000000000	-79.4456603904006	1
-18.2000000000000	-66.5047965024784	1
-18.1000000000000	-60.3483387857028	1
-18			-59.7232750027705	1
-17.9000000000000	-65.8165768679171	1
-17.8000000000000	-62.7769940785413	1
-17.7000000000000	-95.2766392152522	1
-17.6000000000000	-58.6594766023376	1
-17.5000000000000	-60.1730352892401	1
-17.4000000000000	-89.0823555858599	1
-17.3000000000000	-67.8517915932609	1
-17.2000000000000	-82.8582292568047	1
-17.1000000000000	-59.2882864833359	1
-17			-76.4628720836505	1
-16.9000000000000	-63.3573951819344	1
-16.8000000000000	-57.8692525299819	1
-16.7000000000000	-64.3551296484358	1
-16.6000000000000	-68.6133101161853	1
-16.5000000000000	-75.7580467267607	1
-16.4000000000000	-56.7205582814961	1
-16.3000000000000	-87.0025564357217	1
-16.2000000000000	-70.2332416896119	1
-16.1000000000000	-52.5553962328857	1
-16			-63.5661127438546	1
-15.9000000000000	-68.7200489005686	1
-15.8000000000000	-75.8034451841953	1
-15.7000000000000	-64.3072225880311	1
-15.6000000000000	-81.3052289790119	1
-15.5000000000000	-65.7987480435601	1
-15.4000000000000	-88.1219235596394	1
-15.3000000000000	-51.0820107896166	1
-15.2000000000000	-51.2020400266983	1
-15.1000000000000	-72.4987706645189	1
-15			-86.8555730156744	1
-14.9000000000000	-62.0434466582487	1
-14.8000000000000	-63.2972265588724	1
-14.7000000000000	-67.9923345974922	1
-14.6000000000000	-57.6886564596469	1
-14.5000000000000	-50.4584714890920	1
-14.4000000000000	-57.8503745500135	1
-14.3000000000000	-66.4835536054210	1
-14.2000000000000	-66.2949995625439	1
-14.1000000000000	-51.9183344221946	1
-14			-90.9076408419871	1
-13.9000000000000	-52.7529835958498	1
-13.8000000000000	-93.2064041833810	1
-13.7000000000000	-51.0085566366948	1
-13.6000000000000	-49.4858457499858	1
-13.5000000000000	-47.5335712542072	1
-13.4000000000000	-45.1847524201399	1
-13.3000000000000	-57.2348324818835	1
-13.2000000000000	-69.9078651063195	1
-13.1000000000000	-49.3968088743467	1
-13			-48.0903812442892	1
-12.9000000000000	-59.4012145186505	1
-12.8000000000000	-58.7436281496018	1
-12.7000000000000	-52.8714120325421	1
-12.6000000000000	-53.5944066872141	1
-12.5000000000000	-69.8681831740689	1
-12.4000000000000	-40.8981096362043	1
-12.3000000000000	-68.5277297370290	1
-12.2000000000000	-40.6320791064320	1
-12.1000000000000	-48.5697032342921	1
-12			-52.2548975273261	1
-11.9000000000000	-55.9944417488789	1
-11.8000000000000	-72.6257785767922	1
-11.7000000000000	-54.0357007971686	1
-11.6000000000000	-53.8621883769385	1
-11.5000000000000	-59.6124539899338	1
-11.4000000000000	-64.7266999228880	1
-11.3000000000000	-44.8300075319938	1
-11.2000000000000	-49.1635165258591	1
-11.1000000000000	-45.4379612559117	1
-11			-63.9842203604093	1
-10.9000000000000	-39.5782061935080	1
-10.8000000000000	-47.3449352900524	1
-10.7000000000000	-80.1883987839031	1
-10.6000000000000	-40.8401436936195	1
-10.5000000000000	-36.4236408938310	1
-10.4000000000000	-40.2537760971840	1
-10.3000000000000	-38.1474243882766	1
-10.2000000000000	-77.4760300682506	1
-10.1000000000000	-38.5900932645824	1
-10			-71.9563021241166	1
-9.90000000000000	-48.7204187425154	1
-9.80000000000000	-60.4123627429798	1
-9.70000000000000	-50.1299905272871	1
-9.60000000000000	-60.8763356812896	1
-9.50000000000000	-47.4495365954854	1
-9.40000000000000	-55.9317315933849	1
-9.30000000000000	-52.4246292777887	1
-9.20000000000000	-83.6876876512824	1
-9.10000000000000	-42.3957162891728	1
-9			-32.8293061201852	1
-8.90000000000000	-31.0059217568888	1
-8.80000000000000	-28.7157127987447	1
-8.70000000000000	-29.6890923785659	1
-8.60000000000000	-29.2369261819251	1
-8.50000000000000	-33.0369643860065	1
-8.40000000000000	-47.2201558081595	1
-8.30000000000000	-33.9783606813310	1
-8.20000000000000	-34.4171417447320	1
-8.10000000000000	-25.9362603113195	1
-8			-32.4980600125875	1
-7.90000000000000	-38.4507599543863	1
-7.80000000000000	-42.0599027988669	1
-7.70000000000000	-30.2160716909875	1
-7.60000000000000	-43.1379702109304	1
-7.50000000000000	-44.1808017354289	1
-7.40000000000000	-27.6942847974400	1
-7.30000000000000	-34.2183195774343	1
-7.20000000000000	-57.1284846864230	1
-7.10000000000000	-43.1391230990654	1
-7			-39.3683751843032	1
-6.90000000000000	-55.6116401495918	1
-6.80000000000000	-54.1566875225814	1
-6.70000000000000	-31.9425556503976	1
-6.60000000000000	-40.8535703590629	1
-6.50000000000000	-24.4010659555581	1
-6.40000000000000	-51.3902612516483	1
-6.30000000000000	-31.7119285770818	1
-6.20000000000000	-29.6068982744953	1
-6.10000000000000	-31.0618445760679	1
-6			-18.6438434569684	1
-5.90000000000000	-17.8305339656598	1
-5.80000000000000	-36.3795181568574	1
-5.70000000000000	-29.7405915505089	1
-5.60000000000000	-32.7110509508668	1
-5.50000000000000	-21.6836714489293	1
-5.40000000000000	-42.5404611441491	1
-5.30000000000000	-38.9946959351562	1
-5.20000000000000	-19.8147636194402	1
-5.10000000000000	-30.0311037405089	1
-5			-31.5525103646206	1
-4.90000000000000	-21.7312259919826	1
-4.80000000000000	-39.2662424800235	1
-4.70000000000000	-38.3078950268462	1
-4.60000000000000	-17.7700236846384	1
-4.50000000000000	-16.9589751838836	1
-4.40000000000000	-27.5833823996509	1
-4.30000000000000	-32.4693850363904	1
-4.20000000000000	-25.1168645491158	1
-4.10000000000000	-33.5749685997289	1
-4			-29.9881643075763	1
-3.90000000000000	-27.4878681574895	1
-3.80000000000000	-17.7734195778458	1
-3.70000000000000	-29.7294823911475	1
-3.60000000000000	-10.4075692710982	1
-3.50000000000000	-31.5739863042580	1
-3.40000000000000	-30.3822437289221	1
-3.30000000000000	-22.1597295580812	1
-3.20000000000000	-20.0963972069671	1
-3.10000000000000	-19.7057500793781	1
-3			-30.7913891016654	1
-2.90000000000000	-31.7963187512327	1
-2.80000000000000	-12.9756551714436	1
-2.70000000000000	-10.0018038373857	1
-2.60000000000000	-19.9091455161861	1
-2.50000000000000	-17.7285169040992	1
-2.40000000000000	-25.8064080566388	1
-2.30000000000000	-26.2338538959172	1
-2.20000000000000	-12.4576498941998	1
-2.10000000000000	-26.0930435352760	1
-2			-6.27725394528977	1
-1.90000000000000	-28.3541452812891	1
-1.80000000000000	-30.5361486162049	1
-1.70000000000000	-21.2447256117522	1
-1.60000000000000	-9.54638560914874	1
-1.50000000000000	-7.47242136246162	1
-1.40000000000000	-3.39358286299199	1
-1.30000000000000	-6.02692144503690	1
-1.20000000000000	-14.2869485667702	1
-1.10000000000000	-2.60471010743154	1
-1			-0.953271579044696	1
-0.899999999999999	-27.2849718699004	1
-0.799999999999997	-4.43787748671333	1
-0.699999999999999	-34.3985123396330	1
-0.599999999999998	-17.2617989849385	1
-0.500000000000000	-4.16626062173221	1
-0.399999999999999	-22.0997373211903	1
-0.299999999999997	-4.79908781849841	1
-0.199999999999999	-20.1155191444490	1
-0.0999999999999979	-9.88630505572479	1
0			-5.05703894109604	1
0.0999999999999979	-11.7653559320648	1
0.199999999999999	-8.46736418461211	1
0.299999999999997	-14.9372329243199	1
0.399999999999999	-10.1633159376886	1
0.500000000000000	-15.4599793168585	1
0.599999999999998	-33.2924969567449	1
0.699999999999999	-9.65835596273429	1
0.799999999999997	-25.4036332410029	1
0.899999999999999	-1.82908927161587	1
1			-26.9848344110968	1
1.10000000000000	1.96662272167778	1
1.20000000000000	-10.3640458163499	1
1.30000000000000	-4.83070091166128	1
1.40000000000000	-11.4251798417663	1
1.50000000000000	-23.4816761016460	1
1.60000000000000	-9.47958354487101	1
1.70000000000000	-0.763259769754601	1
1.80000000000000	-10.2282811934699	1
1.90000000000000	7.21607295179885	1
2			-13.2835089070206	1
2.10000000000000	-6.98372614251235	1
2.20000000000000	1.04827349357519	1
2.30000000000000	9.02355298688183	1
2.40000000000000	-5.94028295817713	1
2.50000000000000	-15.3255753022065	1
2.60000000000000	-8.67919890896814	1
2.70000000000000	-3.50815803808974	1
2.80000000000000	-30.4613167046695	1
2.90000000000000	-9.36213411831868	1
3			10.1014381065153	1
3.10000000000000	-18.1210748777781	1
3.20000000000000	4.98833101053084	1
3.30000000000000	-25.8758142856294	1
3.40000000000000	5.60642689766348	1
3.50000000000000	5.93197133563631	1
3.60000000000000	-18.5397570545850	1
3.70000000000000	-2.04094176113015	1
3.80000000000000	6.11324144695649	1
3.90000000000000	-7.07268823227107	1
4			-7.68755562315090	1
4.10000000000000	-19.4635531863049	1
4.20000000000000	-5.22995174911069	1
4.30000000000000	-9.42360358135552	1
4.40000000000000	2.82300519807162	1
4.50000000000000	8.80609925687891	1
4.60000000000000	14.4063514870661	1
4.70000000000000	7.39905499048149	1
4.80000000000000	1.97970714429211	1
4.90000000000000	-0.109810969170429	1
5			11.9650580987451	1
5.10000000000000	-12.8643242776305	1
5.20000000000000	-0.0847980623720410	1
5.30000000000000	-6.39949255971510	1
5.40000000000000	-5.16082318355227	1
5.50000000000000	-4.26395551194192	1
5.60000000000000	5.53836583397224	1
5.70000000000000	14.1368580913606	1
5.80000000000000	-11.5186684343120	1
5.90000000000000	11.7361879856259	1
6			3.81682028364707	1
6.10000000000000	4.79537037728572	1
6.20000000000000	10.7161112713998	1
6.30000000000000	-17.5959360828772	1
6.40000000000000	12.2923863141842	1
6.50000000000000	-5.09825792864418	1
6.60000000000000	-4.79102970857180	1
6.70000000000000	-8.38651962254539	1
6.80000000000000	20.8838700167480	1
6.90000000000000	-26.6981479492668	1
7			-10.0437157246791	1
7.10000000000000	24.2112557656849	1
7.20000000000000	-10.9949367859686	1
7.30000000000000	8.19247758597461	1
7.40000000000000	-15.7333352403392	1
7.50000000000000	-6.57981004636099	1
7.60000000000000	27.1899211542499	1
7.70000000000000	15.6229424378197	1
7.80000000000000	18.8135616537593	1
7.90000000000000	3.93529752509390	1
8			18.2518389790841	1
8.10000000000000	24.7272629612419	1
8.20000000000000	6.71038616645702	1
8.30000000000000	20.5854065932636	1
8.40000000000000	3.19438770500829	1
8.50000000000000	19.3391790755463	1
8.60000000000000	13.8031246001089	1
8.70000000000000	2.25344004447071	1
8.80000000000000	22.5148522456721	1
8.90000000000000	24.8417068116248	1
9			25.5035942273478	1
9.10000000000000	21.6605897968613	1
9.20000000000000	-13.1905041041945	1
9.30000000000000	-2.10310480928180	1
9.40000000000000	16.1228142597714	1
9.50000000000000	26.6271752001153	1
9.60000000000000	23.3130311924229	1
9.70000000000000	3.29571039541243	1
9.80000000000000	26.7766470181876	1
9.90000000000000	3.63421966321889	1
10			21.3679085200893	1
10.1000000000000	35.7044320229127	1
10.2000000000000	13.3417442084177	1
10.3000000000000	18.1335169849111	1
10.4000000000000	20.4094933586786	1
10.5000000000000	33.6308616384334	1
10.6000000000000	35.9033493539592	1
10.7000000000000	16.9642784646841	1
10.8000000000000	9.21059286067787	1
10.9000000000000	28.8949463469991	1
11			32.2346726521914	1
11.1000000000000	22.8655365110372	1
11.2000000000000	31.0927777232491	1
11.3000000000000	-4.11021013102445	1
11.4000000000000	30.4528149894767	1
11.5000000000000	36.7164598938505	1
11.6000000000000	38.5291772570997	1
11.7000000000000	37.4913711029833	1
11.8000000000000	40.9225316300184	1
11.9000000000000	29.6799360393301	1
12			41.1377533440166	1
12.1000000000000	14.4876259592147	1
12.2000000000000	31.8630311201810	1
12.3000000000000	15.6433747054292	1
12.4000000000000	39.9439114803929	1
12.5000000000000	30.9791386705781	1
12.6000000000000	36.3096728495783	1
12.7000000000000	36.7465148994847	1
12.8000000000000	11.7630666446486	1
12.9000000000000	44.6036811582792	1
13			44.6747994127991	1
13.1000000000000	22.7143047597145	1
13.2000000000000	35.8139592661839	1
13.3000000000000	14.9844962945876	1
13.4000000000000	10.5783357125731	1
13.5000000000000	44.4375759836765	1
13.6000000000000	37.0684270825777	1
13.7000000000000	29.5434560972376	1
13.8000000000000	48.2756637836423	1
13.9000000000000	15.4701182458922	1
14			44.5914181406422	1
14.1000000000000	48.0219723768886	1
14.2000000000000	14.0102746609537	1
14.3000000000000	43.0536400794771	1
14.4000000000000	50.7488823384282	1
14.5000000000000	51.8895089846092	1
14.6000000000000	22.0505967895108	1
14.7000000000000	38.7805192880939	1
14.8000000000000	44.7156976951477	1
14.9000000000000	38.7174685491352	1
15			44.0301956532267	1
15.1000000000000	16.9736415408662	1
15.2000000000000	9.81072659035075	1
15.3000000000000	46.6560698144771	1
15.4000000000000	33.1716968644994	1
15.5000000000000	55.0571279161975	1
15.6000000000000	32.3412674966834	1
15.7000000000000	37.7199744785368	1
15.8000000000000	46.3879969383212	1
15.9000000000000	42.2465784762037	1
16			52.2877119387274	1
16.1000000000000	45.8476274033650	1
16.2000000000000	54.4101135057583	1
16.3000000000000	40.5354659868887	1
16.4000000000000	46.7175659362371	1
16.5000000000000	11.4158119519462	1
16.6000000000000	33.8965471787075	1
16.7000000000000	44.3984484780610	1
16.8000000000000	47.2691602716175	1
16.9000000000000	44.9813171845109	1
17			54.3724905518769	1
17.1000000000000	26.1850994003985	1
17.2000000000000	46.6524762757728	1
17.3000000000000	34.0628506073402	1
17.4000000000000	58.7033912393606	1
17.5000000000000	53.0470039076556	1
17.6000000000000	57.7117149129765	1
17.7000000000000	54.5823617598036	1
17.8000000000000	49.3472156781264	1
17.9000000000000	37.4231691684133	1
18			44.2609020276992	1
18.1000000000000	59.8857173030947	1
18.2000000000000	32.0758099445442	1
18.3000000000000	42.5706800329329	1
18.4000000000000	42.3944295704366	1
18.5000000000000	64.1610699420491	1
18.6000000000000	47.6306425258039	1
18.7000000000000	42.9977805315157	1
18.8000000000000	54.8513271703998	1
18.9000000000000	8.67605531723054	1
19			52.8520263863069	1
19.1000000000000	59.8091348403977	1
19.2000000000000	26.5102653651616	1
19.3000000000000	54.6667025962292	1
19.4000000000000	62.5284325549039	1
19.5000000000000	51.0188759858038	1
19.6000000000000	26.4509323752100	1
19.7000000000000	49.2778684026092	1
19.8000000000000	67.0019940733982	1
19.9000000000000	62.3283900564478	1
20			51.7946994238133	1