-20			-61.7788688226670	-1
-19.9000000000000	-51.2826766330239	-1
-19.8000000000000	-59.8020698094643	-1
-19.7000000000000	-46.2773442063307	-1
-19.6000000000000	-41.3935817081043	-1
-19.5000000000000	-61.2423401048522	-1
-19.4000000000000	-59.0429109354868	-1
-19.3000000000000	-54.5870079536790	-1
-19.2000000000000	-57.1159619284253	-1
-19.1000000000000	-30.3961035435066	-1
-19			-58.7499456735448	-1
-18.9000000000000	-24.8951650278555	-1
-18.8000000000000	-58.1952784890613	-1
-18.7000000000000	-52.9299952332036	-1
-18.6000000000000	-30.4388591140842	-1
-18.5000000000000	-46.0653219196724	-1
-18.4000000000000	-56.5625249284219	-1
-18.3000000000000	-46.9294946918832	-1
-18.2000000000000	-41.1262611593076	-1
-18.1000000000000	-25.0215643181918	-1
-18			-39.9590155078359	-1
-17.9000000000000	-48.7351668851117	-1
-17.8000000000000	-48.3589082423631	-1
-17.7000000000000	-47.4978976042545	-1
-17.6000000000000	-51.9912760716284	-1
-17.5000000000000	-29.9001979091956	-1
-17.4000000000000	-30.3694702912624	-1
-17.3000000000000	-53.3554183980562	-1
-17.2000000000000	-25.7842217512795	-1
-17.1000000000000	-11.9341366170186	-1
-17			-50.2479093315634	-1
-16.9000000000000	-43.9558303894537	-1
-16.8000000000000	-48.2958115215962	-1
-16.7000000000000	-27.0894140614074	-1
-16.6000000000000	-37.3909272135320	-1
-16.5000000000000	-50.4029278776018	-1
-16.4000000000000	-40.5669648156203	-1
-16.3000000000000	-50.7210132959695	-1
-16.2000000000000	-37.4658345598879	-1
-16.1000000000000	-33.1098351800909	-1
-16			-23.5336779186399	-1
-15.9000000000000	-40.3823943164165	-1
-15.8000000000000	-43.8248578376142	-1
-15.7000000000000	-22.0175533468503	-1
-15.6000000000000	-41.3293708606465	-1
-15.5000000000000	-28.1775069514394	-1
-15.4000000000000	-36.0247532416118	-1
-15.3000000000000	-32.9634216989018	-1
-15.2000000000000	-39.3815677587218	-1
-15.1000000000000	-28.1662304655217	-1
-15			-43.3684776969934	-1
-14.9000000000000	-36.1342984320803	-1
-14.8000000000000	-33.0773603581235	-1
-14.7000000000000	-32.7631425778985	-1
-14.6000000000000	2.38167634356464	-1
-14.5000000000000	-40.3090677482904	-1
-14.4000000000000	0.343448009928835	-1
-14.3000000000000	-36.3347653922251	-1
-14.2000000000000	-27.4081390913561	-1
-14.1000000000000	-36.8938195915185	-1
-14			-21.9058761103745	-1
-13.9000000000000	-35.6571780611864	-1
-13.8000000000000	-30.5375831366759	-1
-13.7000000000000	-39.6499930023298	-1
-13.6000000000000	-41.4794614497582	-1
-13.5000000000000	-35.4282041688633	-1
-13.4000000000000	-34.0568291781844	-1
-13.3000000000000	-38.7724971074732	-1
-13.2000000000000	-25.2635351439983	-1
-13.1000000000000	-20.0412076599910	-1
-13			-25.0781523062321	-1
-12.9000000000000	-37.3584892420430	-1
-12.8000000000000	-30.6460410809172	-1
-12.7000000000000	-21.4889006418471	-1
-12.6000000000000	-7.39601029479992	-1
-12.5000000000000	-34.7298962543797	-1
-12.4000000000000	-35.8991713321026	-1
-12.3000000000000	3.16408754177742	-1
-12.2000000000000	-31.3414866534559	-1
-12.1000000000000	-36.3630700106095	-1
-12			-32.2403097296328	-1
-11.9000000000000	-30.9305811497553	-1
-11.8000000000000	-14.2992283757376	-1
-11.7000000000000	-30.2197686454219	-1
-11.6000000000000	1.95890546495690	-1
-11.5000000000000	14.3618820398199	-1
-11.4000000000000	-12.9519338244466	-1
-11.3000000000000	-17.2900161905455	-1
-11.2000000000000	-7.26697257251917	-1
-11.1000000000000	-25.3840430244604	-1
-11			-28.5139731430904	-1
-10.9000000000000	-14.5270661840245	-1
-10.8000000000000	-16.4860808985217	-1
-10.7000000000000	28.7904866460581	-1
-10.6000000000000	-28.7533026198011	-1
-10.5000000000000	-21.4761382767886	-1
-10.4000000000000	-7.16904680383172	-1
-10.3000000000000	4.50681457475087	-1
-10.2000000000000	-6.14297671672498	-1
-10.1000000000000	-29.2066445718933	-1
-10			-23.3313054795438	-1
-9.90000000000000	-12.5726537509395	-1
-9.80000000000000	-19.5722438610237	-1
-9.70000000000000	-10.3442872940277	-1
-9.60000000000000	-27.0153434610205	-1
-9.50000000000000	-27.2799555254491	-1
-9.40000000000000	-11.1659805211878	-1
-9.30000000000000	-21.1102242031320	-1
-9.20000000000000	9.98952681083913	-1
-9.10000000000000	12.5684090385246	-1
-9			-7.16129109531514	-1
-8.90000000000000	-20.3290445979928	-1
-8.80000000000000	-18.0458366791791	-1
-8.70000000000000	-19.9671400096937	-1
-8.60000000000000	-4.55704667631269	-1
-8.50000000000000	-1.76557420528350	-1
-8.40000000000000	-2.46366192200537	-1
-8.30000000000000	-4.56452245923200	-1
-8.20000000000000	-10.9762608653233	-1
-8.10000000000000	-12.7934568231044	-1
-8			-9.37124020934533	-1
-7.90000000000000	14.3883311669187	-1
-7.80000000000000	-9.36214010617511	-1
-7.70000000000000	3.77025470621366	-1
-7.60000000000000	22.4289685255877	-1
-7.50000000000000	2.32726288343669	-1
-7.40000000000000	17.8561580951012	-1
-7.30000000000000	-10.8607007304336	-1
-7.20000000000000	5.40518353771091	-1
-7.10000000000000	-7.41484617339227	-1
-7			4.46504745010999	-1
-6.90000000000000	-7.27898992692908	-1
-6.80000000000000	-7.31352417971465	-1
-6.70000000000000	3.50469447157422	-1
-6.60000000000000	4.48397611781110	-1
-6.50000000000000	-0.108280485909241	-1
-6.40000000000000	-13.8380890271207	-1
-6.30000000000000	-13.4625715718174	-1
-6.20000000000000	-5.39514098561055	-1
-6.10000000000000	22.6462156191286	-1
-6			1.17561680809699	-1
-5.90000000000000	13.0095661204500	-1
-5.80000000000000	-1.14937908194572	-1
-5.70000000000000	11.7410309405487	-1
-5.60000000000000	7.47266995999200	-1
-5.50000000000000	-12.0017510710410	-1
-5.40000000000000	5.32566047945420	-1
-5.30000000000000	32.1972723787219	-1
-5.20000000000000	-6.15155703889003	-1
-5.10000000000000	-0.306057346136031	-1
-5			-6.47986662444369	-1
-4.90000000000000	-7.99577894124010	-1
-4.80000000000000	28.5505760479797	-1
-4.70000000000000	19.9348646628903	-1
-4.60000000000000	18.0533538214909	-1
-4.50000000000000	17.9241670760023	-1
-4.40000000000000	11.4366806502542	-1
-4.30000000000000	-3.30474132146123	-1
-4.20000000000000	10.8431494662683	-1
-4.10000000000000	27.4614654966929	-1
-4			4.57700646466421	-1
-3.90000000000000	13.4658559895263	-1
-3.80000000000000	18.3631354206575	-1
-3.70000000000000	11.4211067612818	-1
-3.60000000000000	7.44403125295812	-1
-3.50000000000000	4.03491381038984	-1
-3.40000000000000	25.3880526411894	-1
-3.30000000000000	26.6259738139052	-1
-3.20000000000000	1.46162032852764	-1
-3.10000000000000	10.8335211876262	-1
-3			30.9112435974706	-1
-2.90000000000000	-2.43153126375325	-1
-2.80000000000000	37.8468773679897	-1
-2.70000000000000	-1.68246814387134	-1
-2.60000000000000	20.3422538183169	-1
-2.50000000000000	9.17937965732227	-1
-2.40000000000000	16.1925950415210	-1
-2.30000000000000	3.56175990126766	-1
-2.20000000000000	12.0081093927005	-1
-2.10000000000000	-0.318000958953296	-1
-2			5.37787716604977	-1
-1.90000000000000	10.4264182172995	-1
-1.80000000000000	14.1893748164649	-1
-1.70000000000000	1.78224775842848	-1
-1.60000000000000	10.7304564657982	-1
-1.50000000000000	18.1431239154484	-1
-1.40000000000000	1.48344430437880	-1
-1.30000000000000	5.92435698827165	-1
-1.20000000000000	16.1206987289975	-1
-1.10000000000000	17.2604420693868	-1
-1			9.77663954898311	-1
-0.899999999999999	16.6248551051085	-1
-0.799999999999997	17.2295626464828	-1
-0.699999999999999	43.5843309470379	-1
-0.599999999999998	37.0743961016054	-1
-0.500000000000000	52.7472313584490	-1
-0.399999999999999	35.5570798063694	-1
-0.299999999999997	8.63759568818563	-1
-0.199999999999999	10.5062010057362	-1
-0.0999999999999979	19.5592320944828	-1
0			33.6895920960358	-1
0.0999999999999979	11.8533153795611	-1
0.199999999999999	46.2847630790586	-1
0.299999999999997	19.9448006149979	-1
0.399999999999999	26.7042993395982	-1
0.500000000000000	37.1449386030931	-1
0.599999999999998	32.6762194859442	-1
0.699999999999999	13.5498232540592	-1
0.799999999999997	9.81814856471877	-1
0.899999999999999	11.8772647327737	-1
1			19.8942398612429	-1
1.10000000000000	27.3084336672175	-1
1.20000000000000	10.3978076573160	-1
1.30000000000000	48.7755084457770	-1
1.40000000000000	23.4542683458976	-1
1.50000000000000	20.7549861302281	-1
1.60000000000000	17.5808361737282	-1
1.70000000000000	30.3971555612692	-1
1.80000000000000	14.2834299015030	-1
1.90000000000000	41.6817577493346	-1
2			26.5082060322733	-1
2.10000000000000	17.8477159056826	-1
2.20000000000000	31.7046233830545	-1
2.30000000000000	42.5688812455668	-1
2.40000000000000	40.5917725371254	-1
2.50000000000000	19.7516303767186	-1
2.60000000000000	21.0591599958267	-1
2.70000000000000	25.0930652617300	-1
2.80000000000000	20.1779279986030	-1
2.90000000000000	50.3547710282646	-1
3			23.8405904784439	-1
3.10000000000000	20.3490240032632	-1
3.20000000000000	31.2458174026758	-1
3.30000000000000	19.2462497628640	-1
3.40000000000000	20.6225073281561	-1
3.50000000000000	18.6403811487009	-1
3.60000000000000	41.5831693733012	-1
3.70000000000000	43.1973655530952	-1
3.80000000000000	36.4364815276637	-1
3.90000000000000	19.3077606702634	-1
4			21.7606508003331	-1
4.10000000000000	47.7228224560178	-1
4.20000000000000	34.6557804204453	-1
4.30000000000000	27.2382506425861	-1
4.40000000000000	28.8271421321295	-1
4.50000000000000	40.4044745209549	-1
4.60000000000000	29.9223439112974	-1
4.70000000000000	23.2295329690297	-1
4.80000000000000	44.3210148318893	-1
4.90000000000000	41.0658916542144	-1
5			27.0925812912382	-1
5.10000000000000	64.9911462989061	-1
5.20000000000000	37.4814095379182	-1
5.30000000000000	46.1535733371877	-1
5.40000000000000	24.1485992512726	-1
5.50000000000000	37.8447847199920	-1
5.60000000000000	71.8567122087666	-1
5.70000000000000	31.5122445129362	-1
5.80000000000000	55.7331579990110	-1
5.90000000000000	31.1189640856593	-1
6			28.0629002923201	-1
6.10000000000000	59.4410677917765	-1
6.20000000000000	52.7659624850979	-1
6.30000000000000	29.4018999970372	-1
6.40000000000000	53.8602099706073	-1
6.50000000000000	30.8942387408981	-1
6.60000000000000	55.6233507567834	-1
6.70000000000000	27.7114477882920	-1
6.80000000000000	48.1670553238026	-1
6.90000000000000	39.2327993719036	-1
7			50.8991130626483	-1
7.10000000000000	37.8967800378342	-1
7.20000000000000	58.6506304860793	-1
7.30000000000000	41.9549310342317	-1
7.40000000000000	37.1521351401419	-1
7.50000000000000	33.4818965477221	-1
7.60000000000000	47.8297982850760	-1
7.70000000000000	54.0492921473471	-1
7.80000000000000	40.6868050219651	-1
7.90000000000000	60.3803940977952	-1
8			42.3376501587428	-1
8.10000000000000	54.8303808753344	-1
8.20000000000000	42.7859173945872	-1
8.30000000000000	36.0324718794299	-1
8.40000000000000	77.6352100328272	-1
8.50000000000000	37.0989100029731	-1
8.60000000000000	40.7031387674544	-1
8.70000000000000	46.3904676012866	-1
8.80000000000000	59.9719703746873	-1
8.90000000000000	41.1161359491166	-1
9			43.7816020803799	-1
9.10000000000000	65.7691164223977	-1
9.20000000000000	68.3807440110690	-1
9.30000000000000	47.8005047997418	-1
9.40000000000000	59.7185140167628	-1
9.50000000000000	52.3550068491787	-1
9.60000000000000	54.4469749601500	-1
9.70000000000000	55.5649348756671	-1
9.80000000000000	42.8267849771170	-1
9.90000000000000	51.2915271346713	-1
10			53.4623165946312	-1
10.1000000000000	48.6449032215370	-1
10.2000000000000	54.5107428040349	-1
10.3000000000000	74.6101236204875	-1
10.4000000000000	44.7725962152950	-1
10.5000000000000	69.1918919253957	-1
10.6000000000000	47.0820009710101	-1
10.7000000000000	43.1657812167682	-1
10.8000000000000	65.9533109436766	-1
10.9000000000000	64.2060766434889	-1
11			47.5764766505055	-1
11.1000000000000	64.9456906490678	-1
11.2000000000000	66.9551784788532	-1
11.3000000000000	79.7374300565660	-1
11.4000000000000	54.5975663726212	-1
11.5000000000000	53.3253484285390	-1
11.6000000000000	77.9345844376436	-1
11.7000000000000	65.1956131877457	-1
11.8000000000000	45.7172639541930	-1
11.9000000000000	52.7918919507578	-1
12			45.8158527838330	-1
12.1000000000000	49.2774839457709	-1
12.2000000000000	68.2516292518759	-1
12.3000000000000	57.8770729838844	-1
12.4000000000000	61.1589856590541	-1
12.5000000000000	69.3896023969225	-1
12.6000000000000	50.7437803539677	-1
12.7000000000000	55.4419543519881	-1
12.8000000000000	59.6590848681786	-1
12.9000000000000	89.1198609290569	-1
13			60.8278270355340	-1
13.1000000000000	51.2898397501907	-1
13.2000000000000	74.2210857071455	-1
13.3000000000000	68.3870810551968	-1
13.4000000000000	53.3447736290342	-1
13.5000000000000	60.6488607995546	-1
13.6000000000000	62.1431114291012	-1
13.7000000000000	60.4711300481518	-1
13.8000000000000	71.1122013089205	-1
13.9000000000000	64.5000822202880	-1
14			62.4926844357733	-1
14.1000000000000	59.1774029909876	-1
14.2000000000000	98.9358496932620	-1
14.3000000000000	74.7755701803369	-1
14.4000000000000	90.9586528903920	-1
14.5000000000000	61.3476114932372	-1
14.6000000000000	73.3216332616945	-1
14.7000000000000	64.0652069021791	-1
14.8000000000000	60.6290457795897	-1
14.9000000000000	83.4912457523359	-1
15			70.9428302384265	-1
15.1000000000000	74.7184609568902	-1
15.2000000000000	60.2666551637160	-1
15.3000000000000	61.0029690554177	-1
15.4000000000000	60.8271716595411	-1
15.5000000000000	69.7580145921343	-1
15.6000000000000	59.7979722238625	-1
15.7000000000000	73.4823950081924	-1
15.8000000000000	74.7011505786880	-1
15.9000000000000	68.8931993896218	-1
16			71.4426271214591	-1
16.1000000000000	68.6314606634730	-1
16.2000000000000	63.0992397149525	-1
16.3000000000000	72.6345250534955	-1
16.4000000000000	78.0239119973635	-1
16.5000000000000	67.1637393055127	-1
16.6000000000000	69.0725048392618	-1
16.7000000000000	70.0955759700011	-1
16.8000000000000	75.6408024243769	-1
16.9000000000000	88.1656066337314	-1
17			93.5172261005851	-1
17.1000000000000	77.9123341564717	-1
17.2000000000000	108.447028061195	-1
17.3000000000000	97.3435037240166	-1
17.4000000000000	78.6601711084327	-1
17.5000000000000	68.3355609605652	-1
17.6000000000000	74.3852709486121	-1
17.7000000000000	70.2575229179205	-1
17.8000000000000	70.5609837859949	-1
17.9000000000000	95.9515084147714	-1
18			79.5387951721912	-1
18.1000000000000	95.3142178726925	-1
18.2000000000000	90.3084257604005	-1
18.3000000000000	111.547740785647	-1
18.4000000000000	74.8182867158014	-1
18.5000000000000	92.9063787833478	-1
18.6000000000000	73.1785304544913	-1
18.7000000000000	96.0834678598994	-1
18.8000000000000	77.7496075942757	-1
18.9000000000000	79.2818792978412	-1
19			75.9786429744355	-1
19.1000000000000	73.3755662280761	-1
19.2000000000000	98.1907500477687	-1
19.3000000000000	92.8110972698627	-1
19.4000000000000	77.5751960891878	-1
19.5000000000000	100.503110421215	-1
19.6000000000000	104.582981556041	-1
19.7000000000000	98.3971160080885	-1
19.8000000000000	79.1895648892028	-1
19.9000000000000	74.2225565867942	-1
20			85.8765783066912	-1