0.0389716464958755
-0.0614003311703330
-0.0490782598004168
0.0432428090953205
0.00668323930051148
-0.0212175567821917
0.0246331723287353
0.0601248134216965
0.0200479618228701
0.0124302035846322
0.0200569485018515
0.00283678079003405
-0.100177745520312
0.0526968323662775
0.119077466711249
-0.0349117668103388
0.113102115644017
-0.0368522972879137
0.0927705268224735
-0.0108732324019421
-0.0207774506350043
-0.0677443035942479
-0.0898428990329697
-0.0458604975439643
0.0542650635995597
0.0678892975149896
0.0465090275968553
-0.117647459456865
0.0823712011225223
0.101359679471106
0.0650290129617419
-0.109761634575588
-0.0292353271079475
0.0490415098760082
0.0550831309211153
-0.0661735030405165
-0.0554268643743924
0.0415274796009885
-0.00540187254555330
0.0296919390401862
-0.0632532161661815
-0.0774902989204040
0.0791144125674203